model_params:
  epochs: 90
  lr: 0.0002774418219145796 
  weight_decay: 0.00010323798038326245 
  hidden_dim: 128 
  num_layers: 1 
  biDirect_bool: False 
  dp_ratio_1: 0.30000000000000004 
  dp_ratio_2: 0.4 
  inside_dp_ratio: 0.000000000000000
  latent_dim: 16 
  batch_size: 16

threshold:
  value: 0.04592